root: 871.070684395218
Base: 659.923494004447
HostnameLookups: 573.327394061259
KeepAlive: 189.108239501916
EnableSendfile: -83.5585639860989
FollowSymLinks: -22.4579132530576
AccessLog: 417.544766183081
ExtendedStatus: 124.878212476996
InMemory: 1211.71977100789
Handle: -48.1584861184221
