root: 161.753219895789
no_asm: 35.2153792856493
no_8x8dct: 3.43092319165693
no_cabac: 325.670220040709
no_deblock: 19.4962437865208
no_fast_pskip: -0.142289555815382
no_mbtree: 18.3170757330525
no_mixed_refs: -0.443280355193682
no_weightb: 0.625022796194719
rc_lookahead: 59.7366734823821
rc_lookahead_20: 32.8158994869746
rc_lookahead_40: 117.903033700118
rc_lookahead_60: 34.8878781455432
ref: 49.075092643479
ref_1: 171.345809856175
ref_5: 320.468960595201
ref_9: 180.792694695109
