root: 0.325602731810171
HAVE_CRYPTO: 0.324968067444374
HAVE_HASH: 0.326187494507507
HAVE_REPLICATION: 0.342345203835035
HAVE_VERIFY: 0.333189453512463
HAVE_SEQUENCE: 0.546145408976533
HAVE_STATISTICS: 0.325912063567702
DIAGNOSTIC: 0.32302005675373
PS1K: 2.41988530874525
PS4K: 2.49976821445574
PS8K: 2.42149399986433
PS16K: 2.41625166029805
PS32K: 2.87035716578497
CS32MB: 0.339869647589578
CS16MB: 0.327548935105778
CS64MB: 5.71962712393111
CS512MB: 0.326808657656024
