root: 0.579282380711156
HAVE_CRYPTO: 0.574780925519743
HAVE_HASH: 0.577138389668583
HAVE_REPLICATION: 0.583587003198918
HAVE_VERIFY: 0.555536081899401
HAVE_SEQUENCE: 0.55710763599696
HAVE_STATISTICS: 2.08916842227951
DIAGNOSTIC: 0.569559761989204
PS1K: 1.31710656494518
PS4K: 1.88738934760557
PS8K: 1.22493017219498
PS16K: 6.01674706246726
PS32K: 1.31991213959473
CS32MB: 3.35312475877817
CS16MB: 3.29316936507609
CS64MB: 3.28026851448262
CS512MB: 4.06479042202241
