root: 87.2704593774077
no_asm: 122.79005567937
no_8x8dct: 72.2846157994671
no_cabac: 277.505324429404
no_deblock: 138.608324355524
no_fast_pskip: 96.1349477823846
no_mbtree: 63.1887172547564
no_mixed_refs: 141.264316922194
no_weightb: 171.585785484617
rc_lookahead: 265.835969259782
rc_lookahead_20: 316.254020043396
rc_lookahead_40: 210.641287240919
rc_lookahead_60: 277.949545755916
ref: 122.320532300828
ref_1: 220.916716277335
ref_5: 87.1860902298832
ref_9: 202.222211418573
