root: 32.0590822673111
no_asm: 197.505184809132
no_8x8dct: 30.8261796044763
no_cabac: 33.4136979389751
no_deblock: 47.1245910931931
no_fast_pskip: 34.8982794592833
no_mbtree: 188.219405397038
no_mixed_refs: 73.6959004435478
no_weightb: 253.031770423066
rc_lookahead: 117.856045193454
rc_lookahead_20: 31.4170324174518
rc_lookahead_40: 57.0742877237864
rc_lookahead_60: 53.6075881945997
ref: 31.5318512873202
ref_1: 56.0483553755547
ref_5: 31.7442311954913
ref_9: 41.0499234941888
