root: 1055.43231696686
Base: -91.0015922306002
HostnameLookups: -43.6038719160936
KeepAlive: -90.9650410579166
EnableSendfile: 991.597670308273
FollowSymLinks: -133.82364326608
AccessLog: 174.287569180831
ExtendedStatus: 33.3769420749234
InMemory: -181.921234941583
Handle: 279.651861530752
