root: 2.28056585629449
HAVE_CRYPTO: 0.0537385964281933
HAVE_HASH: 0.0040333773044865
HAVE_REPLICATION: 0.102166084589574
HAVE_VERIFY: 2.93440935243126
HAVE_SEQUENCE: 0.175245053660798
HAVE_STATISTICS: 0.000304646409620982
DIAGNOSTIC: 0.0799285538119053
PS1K: 1.45449503957985
PS4K: 0.605539630691717
PS8K: 0.132593224653742
PS16K: 0.76449923217499
PS32K: 2.7983376693194
CS32MB: 2.82976761454968
CS16MB: 2.82647723357354
CS64MB: 3.35431091386373
CS512MB: 2.77046843880394
