root: -1.11822941759837
no_asm: 124.613604871109
no_8x8dct: -12.8583654070532
no_cabac: -3.27423081279632
no_deblock: 103.266969972197
no_fast_pskip: 234.115410913242
no_mbtree: 120.657252853125
no_mixed_refs: 37.9072726517163
no_weightb: -7.28800742285919
rc_lookahead: -2.80958859757628
rc_lookahead_20: 6.84702688217816
rc_lookahead_40: 253.697379590734
rc_lookahead_60: -2.11767819241227
ref: 33.9550884961973
ref_1: 63.7050652503584
ref_5: 105.052481787052
ref_9: 60.3597012325541
