root: 22.6352728044017
no_asm: 28.2252460770287
no_8x8dct: 22.3178107811417
no_cabac: 32.7679044891679
no_deblock: 311.862536954038
no_fast_pskip: 16.2732642722138
no_mbtree: 14.3342632871484
no_mixed_refs: 106.5924984352
no_weightb: 25.9541506366166
rc_lookahead: 266.253497599948
rc_lookahead_20: 138.024592947167
rc_lookahead_40: 281.498622735751
rc_lookahead_60: 156.211080154965
ref: 30.5113119505757
ref_1: 114.71244508072
ref_5: 304.00462285131
ref_9: 110.228697586565
