root: 135.602249812063
time_passes: 129.02952751922
gvn: 153.625818086405
instcombine: 181.660077424059
inline: 83.0263843407619
jump_threading: 150.588976563731
simplifycfg: 174.819934151815
sccp: 100.520839040736
print_used_types: 195.598797691196
ipsccp: 124.669712746987
iv_users: 143.026522931411
licm: 72.783608016008
