root: 1196.81272008383
Base: 975.559839203704
HostnameLookups: -144.721737735527
KeepAlive: -206.480086692029
EnableSendfile: -69.5144397408408
FollowSymLinks: 441.713781920982
AccessLog: -59.7235650401498
ExtendedStatus: -182.564724351647
InMemory: 1203.3868662854
Handle: -90.0873574924061
