root: 0.191295331675833
HAVE_CRYPTO: 0.181269734789089
HAVE_HASH: 0.196571964408075
HAVE_REPLICATION: 0.182410045415423
HAVE_VERIFY: 0.17959231466323
HAVE_SEQUENCE: 0.198743888140848
HAVE_STATISTICS: 0.192120547512073
DIAGNOSTIC: 0.20915377344517
PS1K: 4.06800495387484
PS4K: 4.09341228900374
PS8K: 6.18636453852374
PS16K: 4.29414971056456
PS32K: 4.33740813905183
CS32MB: 2.52836529978152
CS16MB: 3.32281069905951
CS64MB: 2.75717822564231
CS512MB: 2.81154132698107
