root: 0.326956597779918
HAVE_CRYPTO: 0.325467883721408
HAVE_HASH: 0.166923007481568
HAVE_REPLICATION: 0.174306954087336
HAVE_VERIFY: 0.152828216041517
HAVE_SEQUENCE: 0.17296867601807
HAVE_STATISTICS: 0.154291160129499
DIAGNOSTIC: 0.192172718438883
PS1K: 0.313472893356989
PS4K: 4.74476118277393
PS8K: 0.153221142660768
PS16K: 0.465860825045138
PS32K: 0.16974624016116
CS32MB: 1.25306074892414
CS16MB: 4.8932628641738
CS64MB: 1.79547177263045
CS512MB: 1.30974901251095
