root: 527.634007028386
Base: 1088.1919924107
Persistence: 523.492788412121
IO: 1625.24451130683
OldIO: 9188.91573023775
NewIO: 929.530014817681
NIOBase: 319.961476362887
NIOType: 825.574546005148
ChunkedNIO: 848.785008635945
SingleWriteNIO: 566.01131875581
DirectNIO: 672.149655183331
LogSize: 371.537213865604
S100MiB: 1894.64175562311
S1MiB: 1888.05423428547
Checksum: 1766.66167168835
BTreeFeatures: 9272.30210281646
INCompressor: 2423.6941789249
IEvictor: 634.994045789053
Evictor: 643.715078979581
Critical_Eviction: 458.218185424252
Verifier: 874.219638004167
ITracing: 8396.82719902793
Tracing: 1234.02765643495
TracingLevel: 385.851023977031
Severe: 475.580796588134
Finest: 8425.11310890824
Statistics: 696.097441787373
