root: 1033.87171649322
Base: 977.829214719715
HostnameLookups: -36.8490884391736
KeepAlive: -10.7620149678872
EnableSendfile: 107.964012898591
FollowSymLinks: 14.0537881236545
AccessLog: 394.321492948546
ExtendedStatus: -58.4092101620316
InMemory: 265.779862725129
Handle: 390.266233336214
