root: 194.204737540049
time_passes: 126.156437171852
gvn: -8.83803318754645
instcombine: 48.150929475781
inline: -2.34435613729896
jump_threading: 23.6692181692834
simplifycfg: -8.53577353142769
sccp: 38.1840849747658
print_used_types: 8.33849283779448
ipsccp: -4.69229811068794
iv_users: 193.498513396719
licm: 157.75909685426
