root: -3.32311542558304
time_passes: 35.6686084999421
gvn: 18.5407542425657
instcombine: 31.7444173741471
inline: 11.4482275174426
jump_threading: -2.16519929033225
simplifycfg: 6.22848589731623
sccp: 11.841924167783
print_used_types: -6.5092598868526
ipsccp: 21.184836214404
iv_users: 32.7931601976808
licm: 4.84504848157128
