root: 8650.63241507662
Base: 1999.74583735577
Persistence: 8103.34966052835
IO: 8355.45274762824
OldIO: 8626.54782555517
NewIO: 4109.83430648082
NIOBase: 2959.26043472462
NIOType: 8689.17850922597
ChunkedNIO: 3356.86579380519
SingleWriteNIO: 3310.74508871614
DirectNIO: 571.049414460439
LogSize: 5984.47609560607
S100MiB: 5560.73422698569
S1MiB: 780.635956977728
Checksum: 627.500326513975
BTreeFeatures: 8509.43352243112
INCompressor: 1181.86185732126
IEvictor: 4412.49917909823
Evictor: 3012.312614378
Critical_Eviction: 1019.51657401151
Verifier: 1731.49042466471
ITracing: 6953.27537253729
Tracing: 1877.71872921469
TracingLevel: 776.590538544174
Severe: 4766.86287834088
Finest: 6922.1074994213
Statistics: 683.466541328813
