root: 213.944308604775
time_passes: 151.431298084003
gvn: 30.4056040828295
instcombine: 139.508881505081
inline: -7.32133870130662
jump_threading: 50.2861104911765
simplifycfg: 17.0269937235065
sccp: 154.685820727092
print_used_types: 205.814068351853
ipsccp: 168.998137936221
iv_users: 113.796152901443
licm: 154.527263141269
