root: 462.91758478601
Base: 1780.47509994822
Persistence: 52.5038642969551
IO: 512.414451629839
OldIO: 3239.66684851605
NewIO: 4212.76737102934
NIOBase: 195.929903156396
NIOType: 6904.13202598792
ChunkedNIO: 8788.29455170051
SingleWriteNIO: 174.924981792006
DirectNIO: 4984.49254627843
LogSize: 305.93132399193
S100MiB: 1389.18899968396
S1MiB: 2684.48312154136
Checksum: 1253.76414934087
BTreeFeatures: 301.238165088839
INCompressor: 4708.74704103259
IEvictor: -10.9765833890375
Evictor: 3528.88410021913
Critical_Eviction: 955.243548945875
Verifier: 5135.70303495292
ITracing: 6866.97352729377
Tracing: 4319.41848320427
TracingLevel: -4.31374407302315
Severe: 4217.24460954572
Finest: 851.618860712518
Statistics: 972.501582703308
