root: 1.91591208420227
HAVE_CRYPTO: 0.591159230658603
HAVE_HASH: 0.337924235394517
HAVE_REPLICATION: 0.578489332185259
HAVE_VERIFY: 0.342392718234604
HAVE_SEQUENCE: 1.58718643534693
HAVE_STATISTICS: 1.43804652010832
DIAGNOSTIC: 0.509496059914007
PS1K: 2.17191072446367
PS4K: 1.86530031294364
PS8K: 2.56114372455002
PS16K: 1.78204980665574
PS32K: 1.71749851990305
CS32MB: 0.543197782612034
CS16MB: 0.935255386712917
CS64MB: 1.67949504358469
CS512MB: 0.588678325919574
