root: 97.6915244471319
time_passes: 154.347803291749
gvn: 161.863112053524
instcombine: 144.720086135151
inline: -3.7885989066415
jump_threading: 207.476802626569
simplifycfg: -4.02736134091955
sccp: 202.679196295057
print_used_types: 11.6710795725266
ipsccp: -1.84136740086331
iv_users: 16.5113646500971
licm: 156.550004273234
