root: 1.49049972110097
HAVE_CRYPTO: 0.0171964102720302
HAVE_HASH: 0.0129753850298445
HAVE_REPLICATION: 0.097523364724219
HAVE_VERIFY: 0.133269282195084
HAVE_SEQUENCE: 0.0239514206177776
HAVE_STATISTICS: 1.99776073602221
DIAGNOSTIC: 0.0641002442316422
PS1K: 0.288850632729743
PS4K: 0.127271637836327
PS8K: 0.00547176096871196
PS16K: 0.253266307594257
PS32K: 0.553014514325398
CS32MB: 0.384255911739027
CS16MB: 0.303956415319803
CS64MB: 0.215000689408601
CS512MB: 0.339328005625618
