root: -5.87532232977842
Base: 329.827488064747
Persistence: 908.39781040188
IO: 2602.10398602188
OldIO: 8368.32484021671
NewIO: 6101.14563725617
NIOBase: 1019.95003141969
NIOType: 1010.13766966644
ChunkedNIO: 5777.34377418124
SingleWriteNIO: 4583.01570966908
DirectNIO: 5618.07024575496
LogSize: -19.2585845771077
S100MiB: 5177.44272775316
S1MiB: -34.5627528134878
Checksum: 0.0637017701129778
BTreeFeatures: 577.567827944458
INCompressor: 403.297176335544
IEvictor: 942.404597818002
Evictor: -12.9835718937461
Critical_Eviction: -34.0693702744127
Verifier: 3473.06821113181
ITracing: 224.507832165621
Tracing: 3647.93471550446
TracingLevel: 3096.79059612519
Severe: 4075.03361597891
Finest: 1729.01303040127
Statistics: 8834.50102427247
