root: 273.629216616611
Base: 182.966872414979
HostnameLookups: -35.9987456247065
KeepAlive: 690.096404169183
EnableSendfile: 661.820474713346
FollowSymLinks: 83.9599360812096
AccessLog: 769.511690042105
ExtendedStatus: 585.433094189245
InMemory: 512.667451614281
Handle: 171.371120571353
