root: 1.68953044705818E-05
HAVE_CRYPTO: 0.226040225076633
HAVE_HASH: 0.0559878855352747
HAVE_REPLICATION: 0.167240386649101
HAVE_VERIFY: 2.78513097458042
HAVE_SEQUENCE: 0.0824189485207441
HAVE_STATISTICS: 0.0462423525034645
DIAGNOSTIC: 0.0131364118532519
PS1K: 5.61016770125533
PS4K: 5.54276526365576
PS8K: 5.71090964459147
PS16K: 5.28405127212989
PS32K: 5.16541417539932
CS32MB: 2.79737285048514
CS16MB: 3.23797361861107
CS64MB: 2.93382906531315
CS512MB: 2.69976777786036
