root: 167.541416627227
time_passes: 95.0314349378088
gvn: 83.1202188063052
instcombine: 126.647266121247
inline: 158.879568949957
jump_threading: 22.8311308479164
simplifycfg: 87.7246375184317
sccp: 13.8166763275199
print_used_types: 34.6982809403432
ipsccp: 112.501660028357
iv_users: 185.044747774665
licm: 164.908993981529
