root: 162.132567278749
no_asm: 31.6757298440028
no_8x8dct: 28.4113926197265
no_cabac: -1.38071638573096
no_deblock: 272.621199395517
no_fast_pskip: 50.5354094519772
no_mbtree: -10.5460575224856
no_mixed_refs: 88.3687521185655
no_weightb: 311.788945704983
rc_lookahead: 171.424709369751
rc_lookahead_20: 119.195393547321
rc_lookahead_40: 13.6513721432872
rc_lookahead_60: 305.967956687614
ref: 244.729012700146
ref_1: 342.799607168312
ref_5: 343.187873070178
ref_9: 318.825379590603
