root: 0.764622486326972
HAVE_CRYPTO: 0.319801590988859
HAVE_HASH: 0.322206196295912
HAVE_REPLICATION: 0.302501677984639
HAVE_VERIFY: 0.353229439023287
HAVE_SEQUENCE: 0.301551727173284
HAVE_STATISTICS: 0.329249860354808
DIAGNOSTIC: 0.313736325845343
PS1K: 6.16598413500924
PS4K: 1.3133626341746
PS8K: 1.3071535545993
PS16K: 1.30071956100382
PS32K: 1.54726371254218
CS32MB: 0.32871574511927
CS16MB: 0.325033989186448
CS64MB: 0.447313034450936
CS512MB: 0.304295161731627
