root: 3.99084701837058
HAVE_CRYPTO: 0.542992221594017
HAVE_HASH: 0.244319250536978
HAVE_REPLICATION: 0.108486783288959
HAVE_VERIFY: 0.241820549555679
HAVE_SEQUENCE: 0.483001430190195
HAVE_STATISTICS: 0.385633595179603
DIAGNOSTIC: 0.165027554826455
PS1K: 1.23373942974448
PS4K: 0.434974982038758
PS8K: 1.851171402879
PS16K: 0.346453118011744
PS32K: 0.328775407889629
CS32MB: 0.0545743169286562
CS16MB: 1.99637877255098
CS64MB: 0.0556257902600116
CS512MB: 0.063595811826768
