root: 8868.08666315981
Base: 6037.19541184525
Persistence: 6956.04323644655
IO: 7732.88265968826
OldIO: 2847.21277441849
NewIO: 4521.32610040137
NIOBase: 1396.99215480339
NIOType: 3229.92264735345
ChunkedNIO: 503.677413222239
SingleWriteNIO: 327.630702143017
DirectNIO: 3345.02540855827
LogSize: 1277.0757667231
S100MiB: 1861.38470344428
S1MiB: 2742.64536794137
Checksum: 4693.96568607139
BTreeFeatures: 1742.98926585587
INCompressor: 4384.33119755387
IEvictor: 8717.97893104146
Evictor: 9359.31986702348
Critical_Eviction: 729.132872778433
Verifier: 2272.11846205449
ITracing: 7861.11472636719
Tracing: 9635.26249523671
TracingLevel: 8645.71969416191
Severe: 7997.31710714021
Finest: 6558.58516296855
Statistics: 608.01607550153
