root: 9.32796186908612
no_asm: 221.539456951726
no_8x8dct: -3.02285172905181
no_cabac: -2.5607703269034
no_deblock: -2.39696352054918
no_fast_pskip: 10.1265263724826
no_mbtree: 61.2734136865963
no_mixed_refs: 321.666847701387
no_weightb: 290.446585725158
rc_lookahead: 206.795917036881
rc_lookahead_20: 316.037399946508
rc_lookahead_40: 4.46978639572762
rc_lookahead_60: 5.88536514278597
ref: 150.254920268706
ref_1: 46.964672376111
ref_5: 184.019194775955
ref_9: 96.6791173424769
