root: 0.163245640814147
HAVE_CRYPTO: 5.25469269994277
HAVE_HASH: 0.209133909909677
HAVE_REPLICATION: 0.0230491755939803
HAVE_VERIFY: 0.176976666699758
HAVE_SEQUENCE: 0.0792854471248808
HAVE_STATISTICS: 0.0860450616801915
DIAGNOSTIC: 0.03802936430932
PS1K: 0.0236387726419401
PS4K: 0.00733187465180101
PS8K: 0.302731300343055
PS16K: 1.70907208589544
PS32K: 0.0189587918282978
CS32MB: 1.69048548947835
CS16MB: 1.64630724095456
CS64MB: 2.18341404087042
CS512MB: 2.97001640036527
