root: 15.9760268847921
no_asm: 198.867944475866
no_8x8dct: -0.0740459190440319
no_cabac: 28.1621241515186
no_deblock: -0.447636730852038
no_fast_pskip: -0.669921845366118
no_mbtree: 265.301015842596
no_mixed_refs: -2.95398437157184
no_weightb: 3.46183486789311
rc_lookahead: 314.916867403794
rc_lookahead_20: 197.9475935667
rc_lookahead_40: 172.628334762465
rc_lookahead_60: -1.11407533163384
ref: 311.810859581185
ref_1: 96.3228077770949
ref_5: 238.536614506639
ref_9: 163.703050375472
