root: 110.049870727871
no_asm: 315.219208838685
no_8x8dct: -0.106786675675087
no_cabac: 335.701463956852
no_deblock: -3.66434256097226
no_fast_pskip: -0.0640456018643278
no_mbtree: -0.455280638010627
no_mixed_refs: 0.0765840230437131
no_weightb: 201.816684105837
rc_lookahead: 16.179595527913
rc_lookahead_20: 47.9954846710456
rc_lookahead_40: 2.1341086463605
rc_lookahead_60: -3.38746824509404
ref: -1.88306171422475
ref_1: -2.70437557183207
ref_5: 39.136784912205
ref_9: 0.191212645709404
