root: 3.2974568719028
HAVE_CRYPTO: 0.316671004959136
HAVE_HASH: 0.33154807669104
HAVE_REPLICATION: 0.316757505658568
HAVE_VERIFY: 0.365274740552048
HAVE_SEQUENCE: 0.316578199958563
HAVE_STATISTICS: 0.328026506891035
DIAGNOSTIC: 0.321696932971096
PS1K: 0.357546120007258
PS4K: 0.309686005281006
PS8K: 0.791229074210446
PS16K: 5.68036364250313
PS32K: 0.328371157950405
CS32MB: 5.43077674354049
CS16MB: 0.399547799929434
CS64MB: 0.392362650393186
CS512MB: 0.449910446499419
