root: 1085.00828020795
Base: 215.193000542635
HostnameLookups: 351.144958791527
KeepAlive: -82.489072213609
EnableSendfile: 16.009252437418
FollowSymLinks: 621.684576660059
AccessLog: 1225.42194278335
ExtendedStatus: -66.5258000813985
InMemory: 34.6546151212908
Handle: -60.7329761079773
