root: 5.83131559987209
HAVE_CRYPTO: 0.0728374698986457
HAVE_HASH: 0.0751625805794538
HAVE_REPLICATION: 0.0182734163225925
HAVE_VERIFY: 0.000161544540080258
HAVE_SEQUENCE: 0.150698357577527
HAVE_STATISTICS: 0.0458708283804121
DIAGNOSTIC: 0.310020868098227
PS1K: 3.81805440410776
PS4K: 0.00374527112363983
PS8K: 0.00738809096984663
PS16K: 0.122335469486318
PS32K: 0.248968412277044
CS32MB: 2.16330420620789
CS16MB: 3.51454308608028
CS64MB: 2.56906436956892
CS512MB: 4.52632551768984
