root: 493.133683702008
Base: 1126.20211491248
HostnameLookups: 447.775375244475
KeepAlive: -56.3461189396008
EnableSendfile: -34.6989281988322
FollowSymLinks: -52.4140117611871
AccessLog: 829.59748135579
ExtendedStatus: -168.35208637686
InMemory: -28.2438323986739
Handle: 242.114587813774
