root: 203.822529864757
time_passes: 26.285671021311
gvn: 208.144118857852
instcombine: 101.840678306788
inline: 146.266156321977
jump_threading: 21.539326991715
simplifycfg: 194.280802919966
sccp: 220.153686670379
print_used_types: 137.327612115673
ipsccp: 73.9537852890202
iv_users: 62.0338092203091
licm: 0.938174456721097
