root: 466.857383505852
Base: 160.627788224013
HostnameLookups: 266.145322536123
KeepAlive: 589.020809229293
EnableSendfile: 176.924070094126
FollowSymLinks: 232.841211849908
AccessLog: 790.307841044227
ExtendedStatus: 843.992401329358
InMemory: 272.256508770143
Handle: 168.500496863082
