root: 149.860405203772
time_passes: 131.858058455477
gvn: -0.531474800452859
instcombine: 5.83315412357221
inline: 60.9672692816105
jump_threading: 186.667471155256
simplifycfg: 167.072570133374
sccp: 83.256830235371
print_used_types: 147.365150954225
ipsccp: 165.458885125122
iv_users: 146.494891905175
licm: 157.081760343199
