root: 4.02913572914751
HAVE_CRYPTO: 0.189296758543088
HAVE_HASH: 1.95611294685542
HAVE_REPLICATION: 0.222088088805022
HAVE_VERIFY: 0.53605657502632
HAVE_SEQUENCE: 0.768758053354622
HAVE_STATISTICS: 5.75299868860185
DIAGNOSTIC: 0.480127601177404
PS1K: 0.0328283009549043
PS4K: 0.395613395286504
PS8K: 0.59513294815119
PS16K: 0.224614242478748
PS32K: 0.144990709526712
CS32MB: 2.64121721797996
CS16MB: 2.67494102714651
CS64MB: 3.2792495748762
CS512MB: 2.84260691097826
