root: 181.543198725698
Base: 971.417980861954
HostnameLookups: 617.683507773775
KeepAlive: -85.9861852902381
EnableSendfile: -1.976132857306
FollowSymLinks: -177.589415276567
AccessLog: -77.4346734765398
ExtendedStatus: -127.746675952067
InMemory: 164.654913406125
Handle: 736.818054894768
