root: 981.924378869538
Base: 158.956131401115
HostnameLookups: 130.389983960054
KeepAlive: 138.930515747872
EnableSendfile: 151.808450138713
FollowSymLinks: 214.384098922994
AccessLog: 275.738900769369
ExtendedStatus: 106.300012977059
InMemory: 467.341400899123
Handle: 636.662842108758
