root: 0.0650245371438083
HAVE_CRYPTO: 0.0645044038397709
HAVE_HASH: 1.26036882916925
HAVE_REPLICATION: 0.115353680095301
HAVE_VERIFY: 3.22101635427341
HAVE_SEQUENCE: 0.0636822905415381
HAVE_STATISTICS: 3.33126431220577
DIAGNOSTIC: 0.0175441999682175
PS1K: 0.0167526701629409
PS4K: 0.0700443113476968
PS8K: 0.0120292164587842
PS16K: 4.66575788812515
PS32K: 0.119990772201381
CS32MB: 5.12586471637433
CS16MB: 5.00763174831308
CS64MB: 5.11153927513856
CS512MB: 5.8428207566994
