root: 0.274739823169408
HAVE_CRYPTO: 0.059346410231145
HAVE_HASH: 3.20409258676936
HAVE_REPLICATION: 2.37156735286763
HAVE_VERIFY: 0.170116216557028
HAVE_SEQUENCE: 0.387089058603727
HAVE_STATISTICS: 0.0872438690444159
DIAGNOSTIC: 0.728089267038244
PS1K: 5.54081111337085
PS4K: 4.11209633272736
PS8K: 3.80836759330824
PS16K: 3.31328240366076
PS32K: 4.66859709537194
CS32MB: 1.32219436984377
CS16MB: 2.54453741257625
CS64MB: 3.49545012896684
CS512MB: 4.60366785491379
