root: -3.34086857656617
Base: 1037.97847570517
Persistence: 1007.78709912272
IO: -24.094756313633
OldIO: 1571.99625581906
NewIO: 393.724466666729
NIOBase: 3817.62622150645
NIOType: 444.158118068601
ChunkedNIO: -19.9181121966714
SingleWriteNIO: 3147.29628779601
DirectNIO: -36.8367427553432
LogSize: 3416.37139783845
S100MiB: 44.7039688573731
S1MiB: 631.792807461393
Checksum: -7.75899161374159
BTreeFeatures: 1824.34379361432
INCompressor: 33.8008023147407
IEvictor: 7588.4511637714
Evictor: 6348.13882139812
Critical_Eviction: -33.5382866954244
Verifier: -13.394652441387
ITracing: 728.796668587869
Tracing: 31.6546879199295
TracingLevel: 2161.85337772259
Severe: 1050.14553076984
Finest: 2728.06878684104
Statistics: 4193.52269963368
