root: -15.157592906775
Base: 814.457497902007
Persistence: 504.447342941693
IO: 915.34261529027
OldIO: 9256.22539041909
NewIO: 575.400694621786
NIOBase: 9829.23547192874
NIOType: 484.531999936751
ChunkedNIO: 5033.57413609925
SingleWriteNIO: 2121.41224863128
DirectNIO: 5731.95677153573
LogSize: 3149.64616087341
S100MiB: 774.419576977255
S1MiB: 1755.05627316446
Checksum: 2226.48787235109
BTreeFeatures: -18.9490717424045
INCompressor: 413.516753856822
IEvictor: 906.050181481542
Evictor: 4484.48543564287
Critical_Eviction: -12.741656722679
Verifier: -37.2222789892044
ITracing: 5649.90347966605
Tracing: 5345.74525526396
TracingLevel: 1019.12611178652
Severe: 929.86210943836
Finest: 4486.25442504787
Statistics: -32.6337843245604
