root: 97.8622086756141
no_asm: 24.7816443675412
no_8x8dct: 294.69075991798
no_cabac: 26.9207598015008
no_deblock: 15.2682147489593
no_fast_pskip: 144.50640910595
no_mbtree: 355.372181203371
no_mixed_refs: 115.439249322612
no_weightb: 24.5578691171925
rc_lookahead: 276.986255786498
rc_lookahead_20: -2.24223123899813
rc_lookahead_40: -4.42456419202298
rc_lookahead_60: -14.7549533180377
ref: 39.1717143367288
ref_1: 102.825654201441
ref_5: 60.7817974532147
ref_9: 188.43515186512
