root: 917.94791431026
Base: 506.391058160032
HostnameLookups: -107.865435619389
KeepAlive: 100.131725833318
EnableSendfile: 14.0718323068845
FollowSymLinks: 881.33031080961
AccessLog: -48.2595200208388
ExtendedStatus: -35.0353643980982
InMemory: -87.6868674419554
Handle: 133.265446210537
