root: 5580.22104510396
Base: 2482.64012549116
Persistence: 6055.24227719813
IO: 7713.21328970296
OldIO: 6735.86041698966
NewIO: 3117.97747638554
NIOBase: -18.6351583218435
NIOType: -13.3606363846583
ChunkedNIO: 1518.7726240554
SingleWriteNIO: 7107.20754038641
DirectNIO: 1625.5995752025
LogSize: 262.137874736291
S100MiB: 9428.36442088335
S1MiB: 9266.75321797949
Checksum: 32.296749004146
BTreeFeatures: -5.43924174499393
INCompressor: 6308.0353860676
IEvictor: 7786.2573914005
Evictor: 5766.26916948817
Critical_Eviction: 521.671264936586
Verifier: -5.59229251782605
ITracing: 4723.18104728616
Tracing: 7694.37751865411
TracingLevel: 4672.61092845893
Severe: 223.335997769342
Finest: 7271.77051184913
Statistics: 865.993989952208
