root: 8904.86752027818
Base: 3871.31891665721
Persistence: 1272.88557125534
IO: 8214.42947757587
OldIO: 8000.25096646403
NewIO: 2325.4301013687
NIOBase: 1123.13154361399
NIOType: 543.228742815905
ChunkedNIO: 2103.00193554782
SingleWriteNIO: 959.369970230413
DirectNIO: 247.832614825033
LogSize: 4749.67218044536
S100MiB: 5917.67422705414
S1MiB: 3978.81184425047
Checksum: 4466.57941441124
BTreeFeatures: 5429.47750756309
INCompressor: 3439.09532776048
IEvictor: 858.310892470584
Evictor: 5060.34340822613
Critical_Eviction: 5597.1146976195
Verifier: 2158.32410947966
ITracing: 7808.13211183405
Tracing: 7412.74194246716
TracingLevel: 7367.73823608167
Severe: 4345.26265995278
Finest: 4130.91511938265
Statistics: 1940.09287204006
