root: 7107.11896971947
Base: 8356.4873117725
Persistence: 1238.66302722328
IO: 475.749104879594
OldIO: 2130.03117889853
NewIO: 518.215028125804
NIOBase: 6620.89951174085
NIOType: 774.103451139198
ChunkedNIO: 1657.63824810528
SingleWriteNIO: 546.664000951388
DirectNIO: 962.274925439254
LogSize: 4899.00703439158
S100MiB: 6759.36066854155
S1MiB: 2555.2281394725
Checksum: 513.866347957967
BTreeFeatures: 676.278694704606
INCompressor: 251.076789402171
IEvictor: 8361.02781453389
Evictor: 4607.61828332619
Critical_Eviction: 6385.60710118509
Verifier: 974.459094508248
ITracing: 9760.30853681423
Tracing: 4800.70980281822
TracingLevel: 8147.32569806173
Severe: 4596.60418340084
Finest: 2038.15212064883
Statistics: 705.749297341925
