root: 1102.22658090082
Base: 682.098625311068
HostnameLookups: -113.320313943089
KeepAlive: 934.786726071403
EnableSendfile: -120.580721405054
FollowSymLinks: -41.929507703877
AccessLog: -89.0839737421235
ExtendedStatus: 95.5003587391772
InMemory: 575.105824572746
Handle: -7.9434534737035
