root: 2.76095649394604
Base: -23.8595155437492
Persistence: 36.6177478917034
IO: 603.422692527874
OldIO: 73.0590176392968
NewIO: 17.9899970929007
NIOBase: 920.072095664634
NIOType: 193.838712406671
ChunkedNIO: 25.5079148609834
SingleWriteNIO: 822.020659363088
DirectNIO: 172.222024505546
LogSize: -7.34008587671274
S100MiB: 688.312548477258
S1MiB: 1051.60457178416
Checksum: 1012.60228334997
BTreeFeatures: 747.213218136079
INCompressor: 307.41852135066
IEvictor: 712.179978865795
Evictor: -29.6410255234904
Critical_Eviction: 348.780765358976
Verifier: 567.554511400119
ITracing: -13.6925429042668
Tracing: 180.862889961542
TracingLevel: 612.452831658539
Severe: 327.781329580798
Finest: 1117.10174851466
Statistics: 44.6516864775063
