root: 218.348740843923
time_passes: 119.402162059856
gvn: 181.51467935215
instcombine: 25.181635729148
inline: 116.809457184746
jump_threading: 134.215174135583
simplifycfg: 98.3510609817511
sccp: 124.01783616991
print_used_types: 68.7335725318457
ipsccp: 148.312607085752
iv_users: 9.5519147402695
licm: 9.39711187691062
