root: 40.736566395345
Base: -19.1185555187712
HostnameLookups: -11.8175445883691
KeepAlive: 79.5361074442144
EnableSendfile: 220.88215139428
FollowSymLinks: -7.47226472579452
AccessLog: 213.413899670797
ExtendedStatus: -127.832939323232
InMemory: 20.0618274920148
Handle: 89.5679841571645
