root: 26.9482270208946
Base: 940.181979156273
HostnameLookups: 148.260759995778
KeepAlive: -6.22638494474429
EnableSendfile: -33.7032875299491
FollowSymLinks: 210.60311885905
AccessLog: 276.333277785808
ExtendedStatus: 282.343412167079
InMemory: -23.5004805692388
Handle: 583.699924564523
