root: 0.326503743132283
HAVE_CRYPTO: 0.102665326483669
HAVE_HASH: 0.0786755112877371
HAVE_REPLICATION: 0.102919320841772
HAVE_VERIFY: 0.184684068129607
HAVE_SEQUENCE: 3.25844950635419
HAVE_STATISTICS: 0.0724233034078343
DIAGNOSTIC: 0.0698673767584891
PS1K: 2.44040714067493
PS4K: 2.54132193118733
PS8K: 2.62430665274093
PS16K: 3.33906160675604
PS32K: 2.55045123862802
CS32MB: 0.151336231526624
CS16MB: 0.223656504655333
CS64MB: 0.0781203598068698
CS512MB: 0.169641787276065
