root: 1.7183874127334
HAVE_CRYPTO: 0.302847803022657
HAVE_HASH: 0.706305596503126
HAVE_REPLICATION: 4.55576605187345
HAVE_VERIFY: 0.416880924606801
HAVE_SEQUENCE: 2.07179808744066
HAVE_STATISTICS: 0.329973673955929
DIAGNOSTIC: 0.478890773736861
PS1K: 2.39771500060837
PS4K: 3.87417595391086
PS8K: 2.81606015394432
PS16K: 2.38130288906957
PS32K: 2.54572885498294
CS32MB: 2.6470788208129
CS16MB: 0.452498779472748
CS64MB: 1.99999159647354
CS512MB: 0.519666150713822
