root: 44.6589593443466
time_passes: 216.454316946846
gvn: 183.911438784428
instcombine: -6.69998232657804
inline: 68.1211281177839
jump_threading: 66.9001568766574
simplifycfg: 213.380851961965
sccp: 68.0154832522359
print_used_types: 83.5073040116849
ipsccp: 66.9300985521123
iv_users: 0.887192285045458
licm: -0.505363307250207
