root: 4.99065703363179
HAVE_CRYPTO: 0.110418307725778
HAVE_HASH: 0.0863972716504073
HAVE_REPLICATION: 0.120626002709267
HAVE_VERIFY: 0.122868266546549
HAVE_SEQUENCE: 0.36651040554374
HAVE_STATISTICS: 0.141640972649775
DIAGNOSTIC: 0.0826791777169964
PS1K: 0.201243133184562
PS4K: 0.199257036178473
PS8K: 5.73599893829908
PS16K: 0.192281685435207
PS32K: 0.218620680513715
CS32MB: 5.50345350657197
CS16MB: 0.0864891343425632
CS64MB: 0.0876922745090332
CS512MB: 0.0921280513492764
