root: 54.4023599445622
no_asm: 120.631726078651
no_8x8dct: 29.2335133967129
no_cabac: 34.9143208298846
no_deblock: 45.262226937189
no_fast_pskip: 39.9745119575637
no_mbtree: 68.6523103186937
no_mixed_refs: 27.7753073576871
no_weightb: 265.881510103438
rc_lookahead: 58.1314187371793
rc_lookahead_20: 46.610199544724
rc_lookahead_40: 35.7569656742336
rc_lookahead_60: 71.865853662215
ref: 275.897820826096
ref_1: 34.3376868124954
ref_5: 300.209605033288
ref_9: 221.817678319197
