root: 61.2901003602117
no_asm: 195.510484541805
no_8x8dct: -0.666523297148355
no_cabac: 31.24548960549
no_deblock: 35.2649440630888
no_fast_pskip: 284.53784229808
no_mbtree: -13.653369877917
no_mixed_refs: -3.39984670795381
no_weightb: 25.4944197358869
rc_lookahead: 250.598274769911
rc_lookahead_20: 293.195004875375
rc_lookahead_40: 186.422128301104
rc_lookahead_60: 190.386535372699
ref: 0.858315972163348
ref_1: 249.727910961053
ref_5: 251.007085278635
ref_9: 220.058518983909
