root: 708.592091202104
Base: 274.24808022131
HostnameLookups: 635.709364822928
KeepAlive: 238.423821871043
EnableSendfile: 343.754134547177
FollowSymLinks: -4.31527103634409
AccessLog: 236.157292252282
ExtendedStatus: 161.891532020608
InMemory: -121.993136466472
Handle: 811.581923991398
