root: -2.70483301177841
time_passes: -5.89793602664544
gvn: -7.16780360701909
instcombine: 128.961799703686
inline: 61.8855817750224
jump_threading: 48.5244544103562
simplifycfg: -3.37753424534563
sccp: 15.1151273146033
print_used_types: -0.882884813372323
ipsccp: -9.46950993215835
iv_users: -8.5869544862494
licm: -2.39950822306513
