root: 419.787226264888
Base: -38.2054727724338
Persistence: 6015.70081881447
IO: 1166.56079838121
OldIO: 544.895709064709
NewIO: 805.882608772719
NIOBase: -6.12365890727934
NIOType: 1161.26542771201
ChunkedNIO: 389.533581108525
SingleWriteNIO: 172.126820358826
DirectNIO: 1265.60189614309
LogSize: 972.861874184827
S100MiB: 7690.75172894136
S1MiB: 7841.96818119722
Checksum: 4477.08888512689
BTreeFeatures: 6808.69003259479
INCompressor: 1.97973690935142
IEvictor: 1676.65507610088
Evictor: 7191.56279002626
Critical_Eviction: -9.22631386649378
Verifier: 5547.23855860772
ITracing: 7813.08384304235
Tracing: 6439.28913269933
TracingLevel: 6913.8566819075
Severe: 4406.72880944698
Finest: 8685.81282480132
Statistics: -32.09695946347
