root: -71.9926458178043
Base: 1213.76750556719
HostnameLookups: -133.285915954785
KeepAlive: -51.5021400297163
EnableSendfile: 844.654861764168
FollowSymLinks: -147.099197693173
AccessLog: 922.185841229354
ExtendedStatus: -153.903837364478
InMemory: -15.1046159006636
Handle: 56.7657460085026
