root: 3808.75024200853
Base: 7246.41338914453
Persistence: 360.111063587605
IO: 99.1926047257222
OldIO: 7292.63001201029
NewIO: 3046.60333511851
NIOBase: 337.67173392635
NIOType: 5594.32082537478
ChunkedNIO: 334.059988984736
SingleWriteNIO: 890.99063284648
DirectNIO: 1684.13000502083
LogSize: 4827.05117695517
S100MiB: 5555.15717599371
S1MiB: 5511.41609106325
Checksum: 52.6082511776306
BTreeFeatures: 815.094866918111
INCompressor: 2415.22839904393
IEvictor: 5375.99323951248
Evictor: 9051.4713505237
Critical_Eviction: 6305.71606081072
Verifier: 2846.84574295031
ITracing: 6358.39983096184
Tracing: 2182.41335321596
TracingLevel: 1373.44371337271
Severe: 910.925444569916
Finest: 2386.69419321496
Statistics: 3495.34344184956
