root: 293.521846810906
Base: 147.345497018286
HostnameLookups: -52.8863016297114
KeepAlive: 425.880562261751
EnableSendfile: 866.857284038067
FollowSymLinks: 342.468325194512
AccessLog: 943.828511339959
ExtendedStatus: 672.010795282181
InMemory: 274.719445836321
Handle: -149.435355060191
