root: 719.859016207279
Base: 1170.44541255339
Persistence: 613.245616363318
IO: 7284.9009964492
OldIO: 1192.34930557637
NewIO: 4213.25846086549
NIOBase: 526.038646095381
NIOType: 9718.39992287302
ChunkedNIO: 638.958098150754
SingleWriteNIO: 867.640594560338
DirectNIO: 7866.42383381848
LogSize: 1132.06772161508
S100MiB: 6303.88847043043
S1MiB: -8.18532134512952
Checksum: 7158.9636061775
BTreeFeatures: 2729.81041780072
INCompressor: 1642.61336932399
IEvictor: 3495.59853699297
Evictor: 597.558453223432
Critical_Eviction: -11.9795053249145
Verifier: 423.743549891572
ITracing: 697.633529594667
Tracing: -21.2800091152429
TracingLevel: -3.35605353055428
Severe: 7301.93169233574
Finest: 314.603013923106
Statistics: -26.285093605871
