root: 201.986452861201
time_passes: 4.88243589075232
gvn: 180.706143115935
instcombine: 48.8318826502092
inline: 24.079922067602
jump_threading: 216.491846578353
simplifycfg: 217.351073826698
sccp: 18.54142804164
print_used_types: 137.918855538799
ipsccp: 202.214227922011
iv_users: 163.496067436292
licm: 219.498259653423
