root: 181.115412846187
time_passes: 196.638881748459
gvn: -8.04656015096194
instcombine: -6.4864604357637
inline: 114.025135255371
jump_threading: 6.94389767244518
simplifycfg: 30.0070955388308
sccp: 174.04847543568
print_used_types: -8.43270024362268
ipsccp: 4.61790892232245
iv_users: 72.4988817155665
licm: -3.56265254428006
