root: 4.82583182833926
HAVE_CRYPTO: 0.452290535163095
HAVE_HASH: 0.445064898734617
HAVE_REPLICATION: 0.43791393301106
HAVE_VERIFY: 0.446127843752731
HAVE_SEQUENCE: 0.441128624113474
HAVE_STATISTICS: 0.439080885744385
DIAGNOSTIC: 0.447241696082664
PS1K: 2.78785898321638
PS4K: 2.78127412224101
PS8K: 2.80588558466068
PS16K: 2.83567182194584
PS32K: 2.79481865995035
CS32MB: 1.26111827062387
CS16MB: 0.524777562178141
CS64MB: 0.515434343871017
CS512MB: 0.510797573743008
