root: 516.124825474711
Base: 782.307033050081
HostnameLookups: 264.07171409916
KeepAlive: 269.648485498158
EnableSendfile: 104.118251054165
FollowSymLinks: 173.556689402555
AccessLog: 246.620065052541
ExtendedStatus: 399.400668340132
InMemory: 32.8882778295437
Handle: 290.507339669282
