root: 3338.21293124152
Base: 4521.09789091958
Persistence: 3435.87487848927
IO: 2548.3889288122
OldIO: 7720.42341257387
NewIO: 65.3650424362353
NIOBase: 479.348177438011
NIOType: 870.628177187001
ChunkedNIO: 2327.93509978279
SingleWriteNIO: 4727.02005376705
DirectNIO: 673.055389931603
LogSize: 3878.75806188337
S100MiB: -25.5552489824561
S1MiB: 1716.55633248982
Checksum: 602.982840223487
BTreeFeatures: 5118.96530778752
INCompressor: 7537.12130454142
IEvictor: 239.182322342431
Evictor: 1533.78132949926
Critical_Eviction: 394.529916716011
Verifier: 4970.00710594467
ITracing: -10.9362151861793
Tracing: 1055.35921057201
TracingLevel: 5025.40789377439
Severe: 351.322608983974
Finest: 4344.73212056249
Statistics: 196.835094919109
