root: 2.40346217676694
HAVE_CRYPTO: 0.0276350021837266
HAVE_HASH: 0.0106337814766164
HAVE_REPLICATION: 0.0123351854141614
HAVE_VERIFY: 0.0772643720004609
HAVE_SEQUENCE: 0.0215367204907369
HAVE_STATISTICS: 0.0111586911099288
DIAGNOSTIC: 0.495441261979908
PS1K: 0.240473428202178
PS4K: 0.103819591512422
PS8K: 0.127990974202347
PS16K: 0.241766212897869
PS32K: 0.106881128174984
CS32MB: 0.263900797886015
CS16MB: 0.304332199066882
CS64MB: 0.259210804560534
CS512MB: 0.302712419944763
