root: 93.2643752616138
no_asm: -7.64238509454285
no_8x8dct: 34.48982878658
no_cabac: 132.027997487552
no_deblock: 0.391465577677631
no_fast_pskip: 354.493437382145
no_mbtree: 27.1023954826455
no_mixed_refs: 119.860505026147
no_weightb: 2.64118532570582
rc_lookahead: 92.0392187066422
rc_lookahead_20: 251.308571220253
rc_lookahead_40: 26.4840545292177
rc_lookahead_60: 340.52471945431
ref: -13.3455743731443
ref_1: 84.7077136485528
ref_5: -1.48291096917542
ref_9: 129.33992621802
