root: 0.582147887428878
HAVE_CRYPTO: 0.166126523853948
HAVE_HASH: 0.201387104785689
HAVE_REPLICATION: 0.159952801209522
HAVE_VERIFY: 0.188563270459892
HAVE_SEQUENCE: 2.88321278985244
HAVE_STATISTICS: 0.188343582349028
DIAGNOSTIC: 0.187687099941383
PS1K: 0.227664973258767
PS4K: 0.1590706232461
PS8K: 0.180207991424871
PS16K: 0.176834421458942
PS32K: 0.185377769038695
CS32MB: 0.299461314219744
CS16MB: 5.4778780772951
CS64MB: 0.158600836572241
CS512MB: 0.159242017413897
