root: 913.936583640336
Base: 5395.87623470209
Persistence: 6923.68737070673
IO: 6924.85250955892
OldIO: 20.5977183229286
NewIO: 8582.4033262836
NIOBase: 9673.82649268645
NIOType: 1527.39325362559
ChunkedNIO: 2694.16589167759
SingleWriteNIO: 9758.13721879589
DirectNIO: 1810.83448140756
LogSize: 8904.89091420064
S100MiB: 1014.21952192386
S1MiB: 1785.49115343386
Checksum: -12.6660870396847
BTreeFeatures: 293.579655073971
INCompressor: 1154.63318212831
IEvictor: 9050.27458398903
Evictor: 9470.92850551599
Critical_Eviction: 3711.19424538284
Verifier: 1682.91326922763
ITracing: 6958.6583137914
Tracing: 6917.91036538363
TracingLevel: 8945.91545303211
Severe: 9031.98059697841
Finest: 3425.56830639507
Statistics: 7895.22561444305
