root: 300.200276803337
no_asm: 10.3452670083066
no_8x8dct: 339.118727869565
no_cabac: 32.6065989940633
no_deblock: 81.3786241731815
no_fast_pskip: 43.8150900844229
no_mbtree: 158.064429441096
no_mixed_refs: 14.221645499902
no_weightb: 163.016856627378
rc_lookahead: 3.66787423536181
rc_lookahead_20: 179.09535298407
rc_lookahead_40: 75.5811897837227
rc_lookahead_60: 213.460109583702
ref: 218.70827816652
ref_1: 276.054738898726
ref_5: 167.067217233863
ref_9: 32.815273155339
