root: 231.756629910435
no_asm: 215.150841942721
no_8x8dct: -0.709818017692534
no_cabac: 0.427633951129335
no_deblock: -6.91522700055153
no_fast_pskip: -6.99361161276435
no_mbtree: 319.473668827204
no_mixed_refs: -8.71263074946912
no_weightb: 19.293613746543
rc_lookahead: 263.79700381711
rc_lookahead_20: 4.65618316783955
rc_lookahead_40: -12.7594643595521
rc_lookahead_60: 3.56608903304612
ref: 16.572324474305
ref_1: 12.3698531406617
ref_5: -12.0602243155529
ref_9: 101.296662519975
