root: 661.468101381804
Base: 1010.26670822266
Persistence: 543.302615343232
IO: 61.119010205689
OldIO: 615.001819731406
NewIO: 465.216239376241
NIOBase: 142.770038941126
NIOType: -34.4205625438573
ChunkedNIO: 177.090071096168
SingleWriteNIO: 1078.98850972274
DirectNIO: 171.532972912371
LogSize: 48.0087940523475
S100MiB: 875.459231684021
S1MiB: 106.128721311861
Checksum: 1013.11896027049
BTreeFeatures: -24.9716637748447
INCompressor: 152.581832203087
IEvictor: 1041.7300767244
Evictor: 418.668834765693
Critical_Eviction: 358.393511101725
Verifier: 943.086724806461
ITracing: -7.18369807336234
Tracing: 543.131883502973
TracingLevel: 739.281477315463
Severe: 198.364291368948
Finest: 155.6034205342
Statistics: 384.37176793814
