root: 1078.91087521259
Base: 8415.13084755424
Persistence: 2293.56163374067
IO: 8661.40144197898
OldIO: 7247.26655553231
NewIO: 1569.2484719207
NIOBase: 6873.01517970873
NIOType: 3722.94718222295
ChunkedNIO: 2458.45525055135
SingleWriteNIO: 3778.17419925978
DirectNIO: 1664.25994382678
LogSize: 7313.99946891227
S100MiB: 4346.10472877759
S1MiB: 4462.75566038338
Checksum: 9537.1016109632
BTreeFeatures: 1923.55502065082
INCompressor: 1353.98928999132
IEvictor: 46.1774746435983
Evictor: 1745.81326381862
Critical_Eviction: 4426.58736802036
Verifier: 6632.35477494252
ITracing: 1680.10394854128
Tracing: 586.720689571797
TracingLevel: 9415.40053354206
Severe: 4743.47476214589
Finest: 7237.95296393728
Statistics: 5521.9778753208
