root: 7775.35110296546
Base: 2006.70171795103
Persistence: 1776.60376118247
IO: 428.442117517293
OldIO: 305.791309715451
NewIO: 6761.02494800409
NIOBase: 299.82056001211
NIOType: 636.145620686713
ChunkedNIO: 2486.73848833917
SingleWriteNIO: 300.291176997447
DirectNIO: 307.751710512801
LogSize: 1042.70279256687
S100MiB: 651.795818810065
S1MiB: 4408.62229975782
Checksum: 932.61716357459
BTreeFeatures: 396.539433166781
INCompressor: 503.08331117103
IEvictor: 8717.4527134977
Evictor: 9222.40448420815
Critical_Eviction: 9024.94908089154
Verifier: 718.282402177517
ITracing: 9144.58639777641
Tracing: 9534.56151594472
TracingLevel: 9365.11337184493
Severe: 5997.81948034658
Finest: 4542.01911739451
Statistics: 2153.88727020823
