root: 1211.24986760033
Base: -31.2227083002582
HostnameLookups: 57.9647663268526
KeepAlive: -103.745170397759
EnableSendfile: 671.86866434413
FollowSymLinks: -132.018904230676
AccessLog: -126.16093086652
ExtendedStatus: -6.48314197003523
InMemory: 783.480506852285
Handle: -107.011301319452
