root: 198.301208139353
time_passes: 144.830034786649
gvn: 213.08071566856
instcombine: 86.7978701444941
inline: 202.539026145603
jump_threading: 196.094590574358
simplifycfg: 182.156732227863
sccp: 160.135499783464
print_used_types: 135.004428189563
ipsccp: 8.66797847983624
iv_users: 81.5589853371355
licm: 198.946463855799
