root: -9.12491991879747
Base: 2684.49409814385
Persistence: 2661.37160201802
IO: 4964.18981792068
OldIO: 8694.99166111996
NewIO: 4672.6457165699
NIOBase: 1145.47977371731
NIOType: 5419.10803631523
ChunkedNIO: 4861.10533014436
SingleWriteNIO: 102.392130959725
DirectNIO: 3959.33835244799
LogSize: -1.34907422919798
S100MiB: 1738.08860684519
S1MiB: 1193.50139008573
Checksum: 1607.99294560058
BTreeFeatures: 340.292060514244
INCompressor: 4766.62787819846
IEvictor: 7683.6924789773
Evictor: 1293.39192253422
Critical_Eviction: 581.861754095561
Verifier: 1175.53879487973
ITracing: -7.74437338549961
Tracing: 4286.89969843356
TracingLevel: -7.13034398562427
Severe: 3190.61694469674
Finest: 5561.54337170729
Statistics: 1661.77828255885
