root: 1169.68976953453
Base: 6656.51991369461
Persistence: 4941.28680671778
IO: 730.816808460277
OldIO: 7539.08947535128
NewIO: 612.404391835394
NIOBase: 883.619249559085
NIOType: 1493.76699540262
ChunkedNIO: 675.641167477999
SingleWriteNIO: 948.146811097876
DirectNIO: 5037.4692172938
LogSize: 4970.77401293203
S100MiB: 1922.52325125498
S1MiB: 5294.96498579344
Checksum: 688.430374547022
BTreeFeatures: 1150.29999787644
INCompressor: 827.052442190496
IEvictor: 666.673434405279
Evictor: 4971.28273877458
Critical_Eviction: 6358.59453353356
Verifier: 3512.38331307847
ITracing: 5056.54423090808
Tracing: 2915.4879487207
TracingLevel: 8800.76089419667
Severe: 9353.34336398771
Finest: 739.496510859075
Statistics: 975.504226680999
