root: 4.46672396828078
HAVE_CRYPTO: 0.00822176063722909
HAVE_HASH: 0.013063639295989
HAVE_REPLICATION: 0.0092889447858418
HAVE_VERIFY: 0.0176404278984807
HAVE_SEQUENCE: 0.0108738824842521
HAVE_STATISTICS: 0.0469075066524057
DIAGNOSTIC: 0.01555300490527
PS1K: 0.0907105315809047
PS4K: 0.114299002064395
PS8K: 0.0902011298031973
PS16K: 6.09023802960805
PS32K: 0.0452735741785453
CS32MB: 0.357357194560669
CS16MB: 0.292966799148057
CS64MB: 0.309022051086795
CS512MB: 0.347657312415185
