root: 4505.48175617901
Base: 2237.31799652068
Persistence: 1967.20039753902
IO: 5881.66373990481
OldIO: 4329.36479134547
NewIO: 678.536840191495
NIOBase: 797.215493485391
NIOType: 1103.23417045058
ChunkedNIO: 892.989372158113
SingleWriteNIO: 701.542445515293
DirectNIO: 7736.69674275841
LogSize: 4992.2759421635
S100MiB: 1730.290761632
S1MiB: 6576.01346455093
Checksum: 5352.50934318714
BTreeFeatures: 9279.2661208744
INCompressor: 1053.70816416366
IEvictor: 4668.60896198593
Evictor: 383.803529719255
Critical_Eviction: 760.446735969403
Verifier: 7326.56987985522
ITracing: 858.912319564061
Tracing: 325.769785928184
TracingLevel: 404.032471041698
Severe: 4282.88157001592
Finest: 344.55043690754
Statistics: 1049.52571278447
