root: 8557.88315459099
Base: 7888.79335984853
Persistence: 9245.51643400752
IO: 7671.59700882814
OldIO: 19.6678884986932
NewIO: 9.0394430470572
NIOBase: 6140.13826664465
NIOType: 8616.03870211411
ChunkedNIO: 1720.48217101048
SingleWriteNIO: 879.733848259294
DirectNIO: 8524.02023688728
LogSize: 8023.92280306402
S100MiB: 1457.81565551598
S1MiB: 1130.74991337769
Checksum: -20.834623293341
BTreeFeatures: 2735.47884028907
INCompressor: -8.91635976878331
IEvictor: 8994.49983175086
Evictor: 867.136992079212
Critical_Eviction: 6255.61105455873
Verifier: 301.645583043756
ITracing: -14.925138380032
Tracing: -33.9568077989531
TracingLevel: 151.372158802684
Severe: -4.36546985383134
Finest: -8.6412754377923
Statistics: 2332.5106739375
