root: 811.327335023875
Base: 4813.19786066623
Persistence: 9330.80402288473
IO: 7913.07852001659
OldIO: 9111.36679251483
NewIO: 808.118280263686
NIOBase: 640.355180276849
NIOType: 519.608130801703
ChunkedNIO: 900.158677645135
SingleWriteNIO: 3306.57907868409
DirectNIO: 862.003093765937
LogSize: 860.344638221841
S100MiB: 662.35422522044
S1MiB: 4841.74992529723
Checksum: 624.494705307058
BTreeFeatures: 2465.46848732982
INCompressor: 485.720940126219
IEvictor: 9261.73622123519
Evictor: 9120.36881041267
Critical_Eviction: 9257.61699310346
Verifier: 6128.553475178
ITracing: 7659.84544669391
Tracing: 9239.70931577161
TracingLevel: 9666.90607209767
Severe: 897.94851529119
Finest: 7473.90151183469
Statistics: 817.854385492384
