root: 37.4347402093593
no_asm: 20.8301476928495
no_8x8dct: -1.2683931233638
no_cabac: 298.361404484081
no_deblock: 5.43869545370722
no_fast_pskip: 259.786095645797
no_mbtree: 0.243759083548249
no_mixed_refs: -0.626011071984806
no_weightb: -0.151629970296497
rc_lookahead: 34.8446279140027
rc_lookahead_20: 58.5788567055416
rc_lookahead_40: 49.047095813341
rc_lookahead_60: 57.9957849266841
ref: 46.156971755266
ref_1: 30.4514034360219
ref_5: 105.858868182514
ref_9: 43.5120942817583
