root: 25.2706360267911
no_asm: 214.262233090805
no_8x8dct: 70.1836018940656
no_cabac: 28.285078215477
no_deblock: 246.903673999665
no_fast_pskip: 41.0212551041194
no_mbtree: -6.11454413165204
no_mixed_refs: 0.0512396872326728
no_weightb: 7.00950946637285
rc_lookahead: 207.504214049776
rc_lookahead_20: 114.21847994991
rc_lookahead_40: 193.45479743532
rc_lookahead_60: 285.107201113313
ref: 45.8706459044516
ref_1: 225.899619055311
ref_5: 147.599325358005
ref_9: 231.57847559426
