root: 249.190294550268
no_asm: 230.462076741603
no_8x8dct: 31.4950675638328
no_cabac: 293.833202835719
no_deblock: 139.480777809457
no_fast_pskip: 104.45738481343
no_mbtree: -8.79544206101149
no_mixed_refs: 357.531270202407
no_weightb: 141.673894256398
rc_lookahead: 146.393803404924
rc_lookahead_20: -1.99240639970332
rc_lookahead_40: 162.384792380825
rc_lookahead_60: 188.833022696533
ref: 36.2259755729715
ref_1: -13.3564356855452
ref_5: 278.532092933329
ref_9: 319.083653859087
