root: 185.966534287743
time_passes: 42.8384611727534
gvn: 201.599907643235
instcombine: 61.87076747145
inline: -8.08177692936077
jump_threading: 49.8329950424515
simplifycfg: -2.21941125027981
sccp: 99.5434379558236
print_used_types: -5.82510759156334
ipsccp: 111.412986167523
iv_users: 70.071900004076
licm: 34.0927804678407
