root: -0.150687611470334
no_asm: 254.166129336271
no_8x8dct: 109.176304531527
no_cabac: -8.68256050154135
no_deblock: -0.367249437151421
no_fast_pskip: -12.6770328177299
no_mbtree: -7.80136020696881
no_mixed_refs: 246.573626944771
no_weightb: 28.7928691719639
rc_lookahead: 1.99549381332899
rc_lookahead_20: 276.971604922553
rc_lookahead_40: 248.70785545758
rc_lookahead_60: 344.081557240403
ref: -4.48927807218841
ref_1: 109.739278966844
ref_5: 171.877191735751
ref_9: 85.5416652137174
