root: 323.29938907837
no_asm: 204.656308226638
no_8x8dct: -11.2046532782706
no_cabac: 8.32274618694206
no_deblock: 341.658757226796
no_fast_pskip: 32.7829325542788
no_mbtree: 25.4287531439847
no_mixed_refs: -7.46861824574669
no_weightb: -7.27515948890217
rc_lookahead: 163.304098969889
rc_lookahead_20: 324.981706372212
rc_lookahead_40: 72.3681765555604
rc_lookahead_60: 318.686432027394
ref: 217.552721219824
ref_1: 24.640938796465
ref_5: 87.122968152081
ref_9: 6.67226275191008
