root: 646.045813644342
Base: 461.952405192852
Persistence: 4953.46089039093
IO: 1270.39566729763
OldIO: 7714.84913563343
NewIO: 629.477814065193
NIOBase: 491.428730592885
NIOType: 380.025235521835
ChunkedNIO: 463.555349727314
SingleWriteNIO: 701.492041817364
DirectNIO: 566.188926920768
LogSize: 819.533778757597
S100MiB: 1847.96035668472
S1MiB: 8004.76553601669
Checksum: 828.158529803892
BTreeFeatures: 7987.744078578
INCompressor: 874.233980884178
IEvictor: 869.769585918874
Evictor: 1884.18914506699
Critical_Eviction: 1040.12039353259
Verifier: 973.121291526494
ITracing: 7394.32979762331
Tracing: 4812.81742074326
TracingLevel: 8348.84140408186
Severe: 4112.29400415987
Finest: 8019.38067959911
Statistics: 399.845930453987
