root: 100.952996005323
no_asm: 52.3904700965142
no_8x8dct: 36.4023320697681
no_cabac: 28.8273761807833
no_deblock: 277.603541576963
no_fast_pskip: 21.2537143026907
no_mbtree: 24.4098006186281
no_mixed_refs: 56.3285936359992
no_weightb: 26.5092137419311
rc_lookahead: 15.6920548373877
rc_lookahead_20: 34.0006853674017
rc_lookahead_40: 34.1070934651875
rc_lookahead_60: 29.2461760261882
ref: 278.701027027974
ref_1: 17.4654070321023
ref_5: 292.338617397967
ref_9: 202.28776469455
