root: 302.593134413606
Base: 1058.07775419961
HostnameLookups: -62.7377995417994
KeepAlive: -171.147324525611
EnableSendfile: 188.933139750676
FollowSymLinks: -64.2388153865967
AccessLog: 12.5849045742755
ExtendedStatus: 69.852769544977
InMemory: -180.643205203825
Handle: -105.094317242739
