root: 5406.07100963653
Base: 4439.07467387185
Persistence: 262.69316423601
IO: -18.6004702844224
OldIO: 34.1573297802302
NewIO: 672.504329898185
NIOBase: 2.12063556565061
NIOType: 503.213113375056
ChunkedNIO: 3782.88095897051
SingleWriteNIO: 2022.4532059347
DirectNIO: 52.8498019184456
LogSize: 531.798635767509
S100MiB: -12.0242736301022
S1MiB: 547.529890039569
Checksum: -8.31768711643743
BTreeFeatures: 21.8858391508344
INCompressor: -34.7795663985986
IEvictor: 8412.34291751713
Evictor: -37.0270913871791
Critical_Eviction: -30.2864964324136
Verifier: 2878.06651368342
ITracing: 1.31665632260845
Tracing: 8064.39406990286
TracingLevel: 4007.47869216485
Severe: -21.5323590928075
Finest: -24.2735951079627
Statistics: 9259.26108243058
