root: 154.571729589559
Base: 217.99609310329
HostnameLookups: -163.18832575732
KeepAlive: 171.754115020719
EnableSendfile: -6.81450688752655
FollowSymLinks: -147.161740700849
AccessLog: 47.3008687543653
ExtendedStatus: 142.627488106354
InMemory: 1167.66237492576
Handle: -83.0387863022289
