root: 328.733650997542
no_asm: 103.576596903301
no_8x8dct: 67.9390239527743
no_cabac: -5.59707241683942
no_deblock: 45.7075145388388
no_fast_pskip: -7.11778481225556
no_mbtree: 349.992322893262
no_mixed_refs: 75.3946046520585
no_weightb: -10.2158905457499
rc_lookahead: 142.645685438918
rc_lookahead_20: 27.4167327230854
rc_lookahead_40: 33.5575546187504
rc_lookahead_60: 286.143429306872
ref: 202.069152375165
ref_1: 52.6277091058555
ref_5: -8.33179145049937
ref_9: -2.28970237196875
