root: 567.120979467137
Base: 781.751310381222
HostnameLookups: 75.3489400547993
KeepAlive: -42.9104102027316
EnableSendfile: 555.448157942876
FollowSymLinks: -35.0038206528848
AccessLog: -57.7085287504301
ExtendedStatus: 131.261851276674
InMemory: -35.6406319756044
Handle: 1095.00871445807
