root: 967.194334680568
Base: 766.740794002486
HostnameLookups: 15.9406596158476
KeepAlive: 256.050580125559
EnableSendfile: 101.994223078079
FollowSymLinks: 62.2609092132924
AccessLog: -5.70956233212049
ExtendedStatus: -111.083371338218
InMemory: -158.077525926553
Handle: 249.793781517686
