root: 183.972672423165
time_passes: 208.704621465063
gvn: 85.6266062882036
instcombine: 176.641978812416
inline: 21.661615105418
jump_threading: 152.858916451535
simplifycfg: 186.579302381231
sccp: 35.8651301195001
print_used_types: 214.497807117149
ipsccp: 49.131617680095
iv_users: 211.834494200177
licm: 193.692465355665
