root: 1033.70267886369
Base: -116.484668480555
HostnameLookups: 432.274074181162
KeepAlive: 227.68533716012
EnableSendfile: 477.267733924222
FollowSymLinks: 419.544101254566
AccessLog: -51.1336829331162
ExtendedStatus: -125.699342599354
InMemory: -67.8148069819526
Handle: -109.383170050273
