root: 5.31392735632228
HAVE_CRYPTO: 1.05075362539341
HAVE_HASH: 1.03972337241189
HAVE_REPLICATION: 1.05746358514287
HAVE_VERIFY: 1.04038655074076
HAVE_SEQUENCE: 1.06636545954877
HAVE_STATISTICS: 1.04994063358314
DIAGNOSTIC: 1.09509529679486
PS1K: 1.15873478674582
PS4K: 5.58760687563896
PS8K: 1.10667727429389
PS16K: 1.13193078755797
PS32K: 1.1310503587846
CS32MB: 1.76539583833619
CS16MB: 1.73415133904783
CS64MB: 3.34586012392812
CS512MB: 1.77589761675461
