root: 0.131094735334976
HAVE_CRYPTO: 0.343125051795264
HAVE_HASH: 0.342842978601934
HAVE_REPLICATION: 0.146883683199525
HAVE_VERIFY: 0.0422655273100245
HAVE_SEQUENCE: 0.0659868704320223
HAVE_STATISTICS: 0.409002790677096
DIAGNOSTIC: 0.245993323925815
PS1K: 0.0828308411442889
PS4K: 0.322784519365253
PS8K: 0.308580608262463
PS16K: 0.692203278869629
PS32K: 0.339525222814042
CS32MB: 0.825107710461374
CS16MB: 0.708134503553562
CS64MB: 5.84532602480886
CS512MB: 1.06965747088796
