root: 205.795206925876
time_passes: 147.581026681209
gvn: 87.692202804653
instcombine: 52.4270485721663
inline: -4.32540676733667
jump_threading: -6.59203956258825
simplifycfg: 9.10591954938686
sccp: 156.133388685611
print_used_types: -1.69980491252896
ipsccp: 163.414932552408
iv_users: 185.848285195863
licm: 69.2983244072349
