root: 466.532473549889
Base: 418.641123609489
Persistence: 645.065477507236
IO: 109.48735667713
OldIO: 697.709159631408
NewIO: -5.63344736953968
NIOBase: -18.2416879305318
NIOType: -5.15016953860554
ChunkedNIO: 120.438680206244
SingleWriteNIO: -12.1764555252313
DirectNIO: 321.236716706045
LogSize: 318.385305417891
S100MiB: -5.92095449609666
S1MiB: 61.4296268658788
Checksum: 348.430545736636
BTreeFeatures: 55.4434653429273
INCompressor: 638.648536870811
IEvictor: 18.898166639505
Evictor: 793.778128191385
Critical_Eviction: -14.8187377138334
Verifier: 112.300293532574
ITracing: 1058.72838902891
Tracing: 1032.84467296301
TracingLevel: 1063.43524698914
Severe: 753.106377766205
Finest: 854.990549343755
Statistics: -10.2664958123326
