root: 174.86958297752
Base: 877.525442981863
HostnameLookups: 1147.08236088762
KeepAlive: 180.813949462033
EnableSendfile: 32.0238521922246
FollowSymLinks: 628.766059704095
AccessLog: -89.1713603277694
ExtendedStatus: 558.978849151953
InMemory: 117.509229652485
Handle: -92.4998423812211
