root: 218.788616064326
no_asm: 314.592910210777
no_8x8dct: 22.1536492106001
no_cabac: 39.2340884894656
no_deblock: 4.98160817857327
no_fast_pskip: 6.78841464847878
no_mbtree: 61.0590692084278
no_mixed_refs: 262.152235874814
no_weightb: 6.54699871798089
rc_lookahead: 270.530600732008
rc_lookahead_20: 201.592376694228
rc_lookahead_40: 5.03274406106571
rc_lookahead_60: 189.607837379002
ref: 26.6417232048272
ref_1: 201.976832488091
ref_5: 170.232467215576
ref_9: 83.9139534287324
