root: 136.841853451704
time_passes: 157.535355258172
gvn: 132.211781558666
instcombine: 139.257450978996
inline: 135.562376693902
jump_threading: 150.805713141897
simplifycfg: 95.9203647926801
sccp: 146.783346459528
print_used_types: 109.596730939868
ipsccp: 47.4183735888121
iv_users: 19.7739629070644
licm: 132.004644883006
