root: 70.4155824786289
no_asm: -0.429311045362155
no_8x8dct: 15.4640436111116
no_cabac: -0.796009563395478
no_deblock: -0.156058762302333
no_fast_pskip: 6.35072519696817
no_mbtree: -0.737101859759028
no_mixed_refs: 262.329344885331
no_weightb: 40.8098716828066
rc_lookahead: -0.47871955667853
rc_lookahead_20: 82.6200737341528
rc_lookahead_40: 297.843239620584
rc_lookahead_60: 81.7269210742326
ref: 203.501738806451
ref_1: 84.9971533984786
ref_5: 297.488493792236
ref_9: 179.68862014927
