root: 7991.20783701446
Base: 686.815796150325
Persistence: 8767.39960524488
IO: 6065.73040985839
OldIO: 8007.69113740182
NewIO: 1110.34985311247
NIOBase: 549.290758372483
NIOType: 558.182278663555
ChunkedNIO: 7362.92759399036
SingleWriteNIO: 3442.62687216426
DirectNIO: 740.266091614504
LogSize: 6775.85362323698
S100MiB: 4361.7771683244
S1MiB: 4450.60051611552
Checksum: 972.036311193859
BTreeFeatures: 6299.64345198574
INCompressor: 595.074002514493
IEvictor: 879.923924684187
Evictor: 613.297843725649
Critical_Eviction: 1139.40007036635
Verifier: 1021.64754859021
ITracing: 8564.13313370848
Tracing: 7202.13134345544
TracingLevel: 1461.89459875937
Severe: 3192.21290047731
Finest: 7628.54037264538
Statistics: 810.267912766761
