root: 150.601840382014
time_passes: 177.469777618851
gvn: 198.373213867025
instcombine: 124.792275100421
inline: 211.824580611049
jump_threading: 136.78643265884
simplifycfg: 172.025796044888
sccp: 125.907702694401
print_used_types: 188.544338164987
ipsccp: 31.6399257387308
iv_users: 200.564373751716
licm: 203.463740609409
