root: 125.046060558769
Base: 5080.25596584733
Persistence: 6324.6930409196
IO: -1.12948555288403
OldIO: 7508.22487905648
NewIO: 5332.51440300185
NIOBase: 1171.65587643162
NIOType: 98.7947833067723
ChunkedNIO: 569.457699361206
SingleWriteNIO: 5123.10669588689
DirectNIO: 143.131937402169
LogSize: 1054.23721992351
S100MiB: 4987.21506653838
S1MiB: 5822.82617065197
Checksum: 960.653787802477
BTreeFeatures: 7027.68743356644
INCompressor: 578.70610304608
IEvictor: 9070.35662505214
Evictor: -37.164058949523
Critical_Eviction: 1.72463762927234
Verifier: 966.158100713071
ITracing: 6911.21377687119
Tracing: 6270.03897820879
TracingLevel: 7437.47979868007
Severe: 5934.80425711717
Finest: 1457.61814754807
Statistics: 8083.58622725249
