root: 216.001542174645
time_passes: 153.2776113245
gvn: 47.2939566220886
instcombine: 165.859733671543
inline: 5.30217759035379
jump_threading: 96.9703232817947
simplifycfg: 211.740968803004
sccp: 171.47196115935
print_used_types: 6.54286146705383
ipsccp: 215.846159531633
iv_users: 4.97493592848255
licm: 16.4548699702645
