root: 176.091386746329
time_passes: 106.422085953617
gvn: -2.880062180647
instcombine: 115.493720057482
inline: -7.93312953953236
jump_threading: 218.871633122616
simplifycfg: 169.414874308304
sccp: 112.025909654313
print_used_types: 77.2803003411586
ipsccp: 124.881028277652
iv_users: 1.44621405871434
licm: 22.3928374664487
