root: 166.726389926171
no_asm: 213.225963241924
no_8x8dct: 335.06639054755
no_cabac: -3.68585115689785
no_deblock: 8.36010610878669
no_fast_pskip: 2.76811988323476
no_mbtree: 103.260315344899
no_mixed_refs: 5.0331891779869
no_weightb: -2.23272656399756
rc_lookahead: 293.237645754899
rc_lookahead_20: 95.9657375881379
rc_lookahead_40: 89.4146032706427
rc_lookahead_60: 269.671844077806
ref: 127.509399403654
ref_1: -2.53756126709701
ref_5: 223.184721738541
ref_9: -5.20232249576307
