root: 293.089604300783
no_asm: 144.173118471245
no_8x8dct: 253.634112338955
no_cabac: -9.28509447651626
no_deblock: 148.691265248997
no_fast_pskip: -2.26642052115851
no_mbtree: 83.3458945850002
no_mixed_refs: -7.37519339116003
no_weightb: 137.009237249348
rc_lookahead: 32.8984113522146
rc_lookahead_20: 192.292469218299
rc_lookahead_40: 57.2768550775278
rc_lookahead_60: 209.332139545148
ref: 256.799446912446
ref_1: 170.716857440705
ref_5: -9.75391559666737
ref_9: 166.669722558378
