root: 141.013625739563
time_passes: 181.05127607023
gvn: 13.3881349851732
instcombine: 41.6173424855852
inline: 129.865736606998
jump_threading: 215.827852833415
simplifycfg: 83.6138499259622
sccp: 23.2741457783795
print_used_types: 31.0903511519749
ipsccp: -6.79678198445563
iv_users: 0.953758884865678
licm: -4.0120392387035
