root: 25.6257918051993
time_passes: 209.904070897411
gvn: 165.255000216105
instcombine: 18.0823341332398
inline: 209.52125281033
jump_threading: 210.312561631606
simplifycfg: 199.116471823022
sccp: 157.388426091579
print_used_types: 90.2827194860991
ipsccp: 8.21871767645905
iv_users: 17.4509334928491
licm: 149.833837623568
