root: 880.845816399799
Base: -18.3246551814798
HostnameLookups: -22.3591915727057
KeepAlive: -14.3291573131346
EnableSendfile: 115.42539730679
FollowSymLinks: 538.772527026962
AccessLog: 91.6268146440243
ExtendedStatus: 39.3686606543139
InMemory: 623.39089620349
Handle: 1215.85732188875
