root: 0.924138700601247
HAVE_CRYPTO: 0.0633197145078954
HAVE_HASH: 0.182070026862606
HAVE_REPLICATION: 0.114420501245786
HAVE_VERIFY: 7.19268783247842E-05
HAVE_SEQUENCE: 0.012170890534029
HAVE_STATISTICS: 0.040325293971181
DIAGNOSTIC: 0.317306352701819
PS1K: 0.159215975300552
PS4K: 0.0741415327551182
PS8K: 0.0776416373533729
PS16K: 0.0110266290221858
PS32K: 1.76602229625844
CS32MB: 1.37663794336653
CS16MB: 2.22039504331534
CS64MB: 0.900491162674964
CS512MB: 0.857386149564
