root: 9273.21922949879
Base: 7978.25637731614
Persistence: 3017.77432489126
IO: 6787.29036340482
OldIO: 8820.39690111041
NewIO: 674.136551679528
NIOBase: 1102.87720983496
NIOType: 97.3226383280257
ChunkedNIO: 4330.7959335748
SingleWriteNIO: -8.22331537744721
DirectNIO: 352.493206444335
LogSize: 440.576294875633
S100MiB: 1911.24410327025
S1MiB: 8579.08590641021
Checksum: 879.605811643204
BTreeFeatures: 4801.32855383261
INCompressor: 56.2177963774013
IEvictor: 147.481262443473
Evictor: 7048.45771171665
Critical_Eviction: 3484.08744173919
Verifier: 35.7152077520576
ITracing: 8433.68875407565
Tracing: 9404.2311822517
TracingLevel: 8484.711782064
Severe: 277.628203505869
Finest: 6845.10078680871
Statistics: 162.89573425853
