root: 141.488148016707
time_passes: 213.934366721164
gvn: 5.06724174894138
instcombine: 32.3398021153478
inline: 10.7329592597416
jump_threading: 140.217457581111
simplifycfg: 210.346341578742
sccp: 63.1952502751614
print_used_types: 87.8940807070791
ipsccp: 91.1499217401956
iv_users: 130.000266736716
licm: 34.5864605240857
