root: 330.663215871678
no_asm: 17.4409418146776
no_8x8dct: 101.315725480523
no_cabac: 194.478433471776
no_deblock: 331.267160729977
no_fast_pskip: 95.6523300021732
no_mbtree: 218.62445389563
no_mixed_refs: 284.5219521291
no_weightb: 59.0630482501068
rc_lookahead: 233.02013206106
rc_lookahead_20: 4.2774843916187
rc_lookahead_40: -4.70439845568084
rc_lookahead_60: 230.541735046325
ref: 286.334447289301
ref_1: 126.766674110661
ref_5: 147.072106498914
ref_9: 145.51518982129
