root: 0.314070434468458
HAVE_CRYPTO: 0.555643262898162
HAVE_HASH: 0.0155214806666128
HAVE_REPLICATION: 0.0958837747646706
HAVE_VERIFY: 0.0225314576015531
HAVE_SEQUENCE: 0.107011460907112
HAVE_STATISTICS: 0.073642640457086
DIAGNOSTIC: 0.31099616267511
PS1K: 0.43240647353819
PS4K: 0.00559575884893018
PS8K: 3.00490163931479
PS16K: 0.0715039669699927
PS32K: 1.49560811426353
CS32MB: 0.0342191243592639
CS16MB: 6.06145102269177
CS64MB: 0.278577699107113
CS512MB: 0.0752398321569029
