root: 4.82818888540028
HAVE_CRYPTO: 0.12776875174465
HAVE_HASH: 0.2797341992149
HAVE_REPLICATION: 0.159541998353515
HAVE_VERIFY: 1.4136357345454
HAVE_SEQUENCE: 0.174757350029121
HAVE_STATISTICS: 0.320688245399205
DIAGNOSTIC: 2.68325287483426
PS1K: 0.239128311638116
PS4K: 0.136615917608721
PS8K: 0.197802794136694
PS16K: 0.141026821707637
PS32K: 0.278136878579516
CS32MB: 2.1857328308409
CS16MB: 2.14947505797796
CS64MB: 2.26699613741606
CS512MB: 2.26667143115331
