root: 198.173463182001
time_passes: 32.6732933456016
gvn: 107.238821564858
instcombine: 119.520470060023
inline: 9.865354269509
jump_threading: 1.94571111240049
simplifycfg: 120.059331241917
sccp: 157.831096643451
print_used_types: 180.763254601264
ipsccp: 206.722828129732
iv_users: 143.943844901389
licm: 162.159676369765
