root: 731.50048440801
Base: 175.98862153787
HostnameLookups: 380.127950553139
KeepAlive: 368.464759843969
EnableSendfile: 304.162570011737
FollowSymLinks: 170.83736756994
AccessLog: 176.988911057889
ExtendedStatus: 173.481077534504
InMemory: 313.034984547501
Handle: 171.405582594381
