root: 759.481571988369
Base: 964.434626981633
HostnameLookups: -45.5839551043362
KeepAlive: 105.596300551872
EnableSendfile: 347.298006754761
FollowSymLinks: -16.6257945021834
AccessLog: 795.80942497851
ExtendedStatus: 32.6506502174271
InMemory: -60.4849499165752
Handle: -192.84770548737
