root: 129.988145066957
Base: -48.7140382934933
HostnameLookups: -108.134142569471
KeepAlive: 19.0020780674371
EnableSendfile: 146.834703908578
FollowSymLinks: -125.673042758475
AccessLog: -9.278778774097
ExtendedStatus: -92.4681326527357
InMemory: 49.3913111598166
Handle: 100.220932785147
