root: 175.461435191377
time_passes: 119.159577848934
gvn: 199.288205689468
instcombine: 55.0916576645221
inline: 105.572147911275
jump_threading: 54.5677444719254
simplifycfg: 84.7251518628828
sccp: 188.922652943643
print_used_types: 101.388328823218
ipsccp: 191.452643028243
iv_users: -2.38639366748192
licm: 173.376462493701
