root: 20.5991065766402
Base: 7086.74479396713
Persistence: 6755.24104672482
IO: 9131.51835053765
OldIO: 9144.88222306444
NewIO: 4756.08621672277
NIOBase: 4140.5459542995
NIOType: -29.5784213390153
ChunkedNIO: -23.0098223287603
SingleWriteNIO: -7.22782814792922
DirectNIO: 56.7409935644629
LogSize: 5112.95501201577
S100MiB: 98.8639526998523
S1MiB: 1.69622298292004
Checksum: 9314.4175308896
BTreeFeatures: 7722.30576202847
INCompressor: -18.6578531246113
IEvictor: 9771.94867369822
Evictor: 9839.8251669723
Critical_Eviction: 180.667524014087
Verifier: 3512.16018098997
ITracing: 9760.88896671676
Tracing: 2474.19245980244
TracingLevel: 5224.28669507973
Severe: 8946.96888633324
Finest: 4023.47645054504
Statistics: 323.951089068686
